2 5 20 1
310 500
  1 -99 -97 0   6 1 2 1 2
  2 -59  50 0  72 1 2 1 2
  3   0  14 0  93 1 2 1 2
  4 -17 -66 0  28 1 2 1 2
  5 -69 -19 0   5 1 2 1 2
  6  31  12 0  43 1 2 1 2
  7   5 -41 0   1 1 2 1 2
  8 -12  10 0  36 1 2 1 2
  9 -64  70 0  53 1 2 1 2
 10 -12  85 0  63 1 2 1 2
 11 -18  64 0  25 1 2 1 2
 12 -77 -16 0  50 1 2 1 2
 13 -53  88 0  57 1 2 1 2
 14  83 -24 0   1 1 2 1 2
 15  24  41 0  66 1 2 1 2
 16  17  21 0  37 1 2 1 2
 17  42  96 0  51 1 2 1 2
 18 -65   0 0  47 1 2 1 2
 19 -47 -26 0  88 1 2 1 2
 20  85  36 0  75 1 2 1 2
 21 -35 -54 0  48 1 2 1 2
 22  54 -21 0  40 1 2 1 2
 23  64 -17 0   8 1 2 1 2
 24  55  89 0  69 1 2 1 2
 25  17 -25 0  93 1 2 1 2
 26 -61  66 0  29 1 2 1 2
 27 -61  26 0   5 1 2 1 2
 28  17 -72 0  53 1 2 1 2
 29  79  38 0   8 1 2 1 2
 30 -62  -2 0  24 1 2 1 2
 31 -90 -68 0  53 1 2 1 2
 32  52  66 0  13 1 2 1 2
 33 -54 -50 0  47 1 2 1 2
 34   8 -84 0  57 1 2 1 2
 35  37 -90 0   9 1 2 1 2
 36 -83  49 0  74 1 2 1 2
 37  35  -1 0  83 1 2 1 2
 38   7  59 0  96 1 2 1 2
 39  12  48 0  42 1 2 1 2
 40  57  95 0  80 1 2 1 2
 41  92  28 0  22 1 2 1 2
 42  -3  97 0  56 1 2 1 2
 43  -7  52 0  43 1 2 1 2
 44  42 -15 0  12 1 2 1 2
 45  77 -43 0  73 1 2 1 2
 46  59 -49 0  32 1 2 1 2
 47  25  91 0   8 1 2 1 2
 48  69 -19 0  79 1 2 1 2
 49 -82 -14 0  79 1 2 1 2
 50  74 -70 0   4 1 2 1 2
 51  69  59 0  14 1 2 1 2
 52  29  33 0  17 1 2 1 2
 53 -97   9 0  19 1 2 1 2
 54 -58   9 0  44 1 2 1 2
 55  28  93 0   5 1 2 1 2
 56   7  73 0  37 1 2 1 2
 57 -28  73 0 100 1 2 1 2
 58 -76  55 0  62 1 2 1 2
 59  41  42 0  90 1 2 1 2
 60  92  40 0  57 1 2 1 2
 61 -84 -29 0  44 1 2 1 2
 62 -12  42 0  37 1 2 1 2
 63  51 -45 0  80 1 2 1 2
 64 -37  46 0  60 1 2 1 2
 65 -97  35 0  95 1 2 1 2
 66  14  89 0  56 1 2 1 2
 67  60  58 0  56 1 2 1 2
 68 -63 -75 0   9 1 2 1 2
 69 -18  34 0  39 1 2 1 2
 70 -46 -82 0  15 1 2 1 2
 71 -86 -79 0   4 1 2 1 2
 72 -43 -30 0  58 1 2 1 2
 73 -44   7 0  73 1 2 1 2
 74  -3 -20 0   5 1 2 1 2
 75  36  41 0  12 1 2 1 2
 76 -30 -94 0   3 1 2 1 2
 77  79 -62 0   8 1 2 1 2
 78  51  70 0  31 1 2 1 2
 79 -61 -26 0  48 1 2 1 2
 80   6  94 0   3 1 2 1 2
 81 -19 -62 0  52 1 2 1 2
 82 -20  51 0  99 1 2 1 2
 83 -81  37 0  29 1 2 1 2
 84   7  31 0  12 1 2 1 2
 85  52  12 0  50 1 2 1 2
 86  83 -91 0  98 1 2 1 2
 87  -7 -92 0   4 1 2 1 2
 88  82 -74 0  56 1 2 1 2
 89 -70  85 0  24 1 2 1 2
 90 -83 -30 0  33 1 2 1 2
 91  71 -61 0  45 1 2 1 2
 92  85  11 0  98 1 2 1 2
 93  66 -48 0   4 1 2 1 2
 94  78 -87 0  36 1 2 1 2
 95   9 -79 0  72 1 2 1 2
 96 -36   4 0  26 1 2 1 2
 97  66  39 0  71 1 2 1 2
 98  92 -17 0  84 1 2 1 2
 99 -46 -79 0  21 1 2 1 2
100 -30 -63 0  99 1 2 1 2
